1.13844 0.0467145 0.0496937 -0.00385464 -0.0260404
1.18794 0.0512901 0.051638 -0.00451583 -0.0219642
1.23744 0.0605942 0.0561831 -0.00495529 -0.0186552
1.28693 0.0677522 0.0591679 -0.00523206 -0.0159465
1.33643 0.0697461 0.0585769 -0.00538921 -0.0137121
1.38593 0.0714547 0.0578972 -0.00545837 -0.0118557
1.43543 0.0731634 0.0572176 -0.00546296 -0.0103031
1.48492 0.0741296 0.0561765 -0.00542041 -0.00899652
1.53442 0.0750822 0.0551289 -0.00534375 -0.00789065
1.58392 0.0757878 0.0540493 -0.00524278 -0.0069496
1.63342 0.0764108 0.0529592 -0.00512487 -0.00614475
1.68291 0.0769326 0.0516121 -0.00499559 -0.00545311
1.73241 0.0773602 0.0500255 -0.00485913 -0.0048561
1.78191 0.0776851 0.0484622 -0.00471866 -0.0043386
1.83141 0.0777533 0.0469572 -0.00457655 -0.00388824
1.8809 0.0778216 0.0454521 -0.00443458 -0.00349482
1.9304 0.0778898 0.0439469 -0.00429407 -0.00314993
1.9799 0.0779581 0.0424418 -0.00415597 -0.00284656
2.0294 0.0774724 0.0407663 -0.00402099 -0.00257884
2.07889 0.0768664 0.0390537 -0.00388961 -0.00234187
2.12839 0.0762603 0.037341 -0.00376216 -0.0021315
2.17789 0.0756542 0.0356285 -0.00363883 -0.00194424
2.22739 0.0749976 0.0339981 -0.00351975 -0.00177709
2.27688 0.0742497 0.0325161 -0.00340495 -0.00162753
2.32638 0.0735018 0.0310341 -0.00329442 -0.00149337
2.37588 0.072754 0.0295521 -0.0031881 -0.00137276
2.42538 0.0720061 0.0280701 -0.00308591 -0.00126408
2.47487 0.0711359 0.0266851 -0.00298775 -0.00116595
2.52437 0.070251 0.0253117 -0.00289349 -0.00107716
2.57387 0.0693661 0.0239383 -0.002803 -0.000996658
2.62337 0.0684813 0.022565 -0.00271616 -0.000923541
2.67286 0.0676033 0.0212967 -0.00263281 -0.000857008
2.72236 0.0667346 0.0201682 -0.00255283 -0.000796359
2.77186 0.0658658 0.0190398 -0.00247607 -0.000740982
2.82136 0.0649971 0.0179113 -0.00240239 -0.000690336
2.87085 0.0641283 0.0167828 -0.00233165 -0.000643943
2.92035 0.0632596 0.0156544 -0.00226374 -0.000601384
2.96985 0.0623909 0.014526 -0.00219853 -0.000562283
3.01935 0.061522 0.0133976 -0.00213588 -0.000526309
3.06884 0.0606533 0.0122691 -0.00207569 -0.000493166
3.11834 0.059764 0.0112137 -0.00201784 -0.000462591
3.16784 0.0588541 0.0102312 -0.00196222 -0.00043435
3.21734 0.0579442 0.00924873 -0.00190874 -0.000408231
3.26683 0.0570343 0.00826633 -0.00185729 -0.000384047
3.31633 0.0561245 0.00728376 -0.00180778 -0.000361627
3.36583 0.0552146 0.00630127 -0.00176013 -0.000340819
3.41533 0.0543047 0.00531879 -0.00171424 -0.000321487
3.46482 0.0533948 0.0043364 -0.00167004 -0.000303506
3.51432 0.0524849 0.00335391 -0.00162746 -0.000286765
3.56382 0.0516307 0.0025037 -0.00158641 -0.000271163
3.61332 0.050818 0.00175278 -0.00154683 -0.000256607
3.66281 0.0500055 0.00100177 -0.00150866 -0.000243015
3.71231 0.0491928 0.000250857 -0.00147183 -0.000230311
3.76181 0.0483803 -0.000500152 -0.00143629 -0.000218427
3.81131 0.0475676 -0.00125107 -0.00140197 -0.000207299
3.8608 0.0467551 -0.00200208 -0.00136882 -0.000196871
3.9103 0.0459424 -0.002753 -0.0013368 -0.00018709
3.9598 0.0451298 -0.00350391 -0.00130586 -0.00017791
4.0093 0.0442827 -0.00407874 -0.00127594 -0.000169285
4.05879 0.0434162 -0.00455575 -0.00124701 -0.000161177
4.10829 0.0425499 -0.00503266 -0.00121903 -0.000153549
4.15779 0.0416834 -0.00550966 -0.00119195 -0.000146367
4.20729 0.040817 -0.00598676 -0.00116574 -0.0001396
4.25678 0.0399506 -0.00646367 -0.00114037 -0.000133219
4.30628 0.0390842 -0.00694068 -0.00111579 -0.000127199
4.35578 0.0382178 -0.00741759 -0.00109198 -0.000121515
4.40528 0.0373513 -0.0078946 -0.00106891 -0.000116145
4.45477 0.0365841 -0.00825742 -0.00104654 -0.000111068
4.50427 0.0358565 -0.0085746 -0.00102485 -0.000106266
4.55377 0.035129 -0.00889178 -0.00100382 -0.00010172
4.60327 0.0344016 -0.00920895 -0.000983412 -9.74155e-05
4.65276 0.033674 -0.00952613 -0.000963608 -9.33358e-05
4.70226 0.0329464 -0.00984331 -0.000944385 -8.94675e-05
4.75176 0.0322188 -0.0101605 -0.000925721 -8.57975e-05
4.80126 0.0314913 -0.0104778 -0.000907594 -8.23138e-05
4.85075 0.0307638 -0.0107948 -0.000889985 -7.90052e-05
4.90025 0.0300812 -0.0108954 -0.000872875 -7.58611e-05
