1.13844 0.0162876 0.0175749 -0.00385464 -0.0260404
1.18794 0.0222532 0.0224935 -0.00451583 -0.0219642
1.23744 0.03351 0.0318754 -0.00495529 -0.0186552
1.28693 0.0448722 0.041079 -0.00523206 -0.0159465
1.33643 0.0554289 0.0490724 -0.00538921 -0.0137121
1.38593 0.0651491 0.0564532 -0.00545837 -0.0118557
1.43543 0.0748693 0.063834 -0.00546296 -0.0103031
1.48492 0.0829528 0.0685359 -0.00542041 -0.00899652
1.53442 0.0910066 0.0731892 -0.00534375 -0.00789065
1.58392 0.0981882 0.0773561 -0.00524278 -0.0069496
1.63342 0.105078 0.0813598 -0.00512487 -0.00614475
1.68291 0.111344 0.0843406 -0.00499559 -0.00545311
1.73241 0.117027 0.0863673 -0.00485913 -0.0048561
1.78191 0.122316 0.0882414 -0.00471866 -0.0043386
1.83141 0.12662 0.0897323 -0.00457655 -0.00388824
1.8809 0.130926 0.091224 -0.00443458 -0.00349482
1.9304 0.13523 0.092715 -0.00429407 -0.00314993
1.9799 0.139535 0.0942068 -0.00415597 -0.00284656
2.0294 0.142452 0.0937881 -0.00402099 -0.00257884
2.07889 0.14507 0.0929551 -0.00388961 -0.00234187
2.12839 0.147686 0.0921214 -0.00376216 -0.0021315
2.17789 0.150303 0.0912886 -0.00363883 -0.00194424
2.22739 0.152514 0.0904223 -0.00351975 -0.00177709
2.27688 0.153997 0.0894977 -0.00340495 -0.00162753
2.32638 0.15548 0.0885739 -0.00329442 -0.00149337
2.37588 0.156963 0.0876492 -0.0031881 -0.00137276
2.42538 0.158445 0.0867246 -0.00308591 -0.00126408
2.47487 0.159123 0.084733 -0.00298775 -0.00116595
2.52437 0.159704 0.0826127 -0.00289349 -0.00107716
2.57387 0.160285 0.0804933 -0.002803 -0.000996658
2.62337 0.160865 0.078373 -0.00271616 -0.000923541
2.67286 0.161033 0.0763624 -0.00263281 -0.000857008
2.72236 0.160653 0.0744984 -0.00255283 -0.000796359
2.77186 0.160272 0.0726342 -0.00247607 -0.000740982
2.82136 0.159892 0.0707701 -0.00240239 -0.000690336
2.87085 0.15951 0.0689051 -0.00233165 -0.000643943
2.92035 0.159129 0.067041 -0.00226374 -0.000601384
2.96985 0.158749 0.0651769 -0.00219853 -0.000562283
3.01935 0.158368 0.0633127 -0.00213588 -0.000526309
3.06884 0.157988 0.0614486 -0.00207569 -0.000493166
3.11834 0.157063 0.0591928 -0.00201784 -0.000462591
3.16784 0.155595 0.056547 -0.00196222 -0.00043435
3.21734 0.154127 0.0539004 -0.00190874 -0.000408231
3.26683 0.15266 0.0512546 -0.00185729 -0.000384047
3.31633 0.151191 0.0486079 -0.00180778 -0.000361627
3.36583 0.149723 0.0459613 -0.00176013 -0.000340819
3.41533 0.148256 0.0433155 -0.00171424 -0.000321487
3.46482 0.146788 0.0406689 -0.00167004 -0.000303506
3.51432 0.14532 0.0380231 -0.00162746 -0.000286765
3.56382 0.143716 0.0356988 -0.00158641 -0.000271163
3.61332 0.142009 0.0336159 -0.00154683 -0.000256607
3.66281 0.140303 0.0315329 -0.00150866 -0.000243015
3.71231 0.138597 0.0294507 -0.00147183 -0.000230311
3.76181 0.13689 0.0273678 -0.00143629 -0.000218427
3.81131 0.135183 0.025285 -0.00140197 -0.000207299
3.8608 0.133477 0.0232024 -0.00136882 -0.000196871
3.9103 0.131771 0.0211196 -0.0013368 -0.00018709
3.9598 0.130064 0.019037 -0.00130586 -0.00017791
4.0093 0.128247 0.0171018 -0.00127594 -0.000169285
4.05879 0.126367 0.0152483 -0.00124701 -0.000161177
4.10829 0.124488 0.0133949 -0.00121903 -0.000153549
4.15779 0.122609 0.0115416 -0.00119195 -0.000146367
4.20729 0.12073 0.00968816 -0.00116574 -0.0001396
4.25678 0.118851 0.00783482 -0.00114037 -0.000133219
4.30628 0.116971 0.00598148 -0.00111579 -0.000127199
4.35578 0.115092 0.00412815 -0.00109198 -0.000121515
4.40528 0.113213 0.00227473 -0.00106891 -0.000116145
4.45477 0.111431 0.000677227 -0.00104654 -0.000111068
4.50427 0.109689 -0.000817855 -0.00102485 -0.000106266
4.55377 0.107946 -0.00231294 -0.00100382 -0.00010172
4.60327 0.106204 -0.0038081 -0.000983412 -9.74155e-05
4.65276 0.104461 -0.00530318 -0.000963608 -9.33358e-05
4.70226 0.102719 -0.00679835 -0.000944385 -8.94675e-05
4.75176 0.100976 -0.00829351 -0.000925721 -8.57975e-05
4.80126 0.0992339 -0.0097886 -0.000907594 -8.23138e-05
4.85075 0.0974914 -0.0112837 -0.000889985 -7.90052e-05
4.90025 0.0959148 -0.012636 -0.000872875 -7.58611e-05
