1.13844 0.037046 0.0395748 -0.00385464 -0.0260404
1.18794 0.0394442 0.0400583 -0.00451583 -0.0219642
1.23744 0.0445206 0.0416593 -0.00495529 -0.0186552
1.28693 0.0476939 0.0419615 -0.00523206 -0.0159465
1.33643 0.046521 0.0394483 -0.00538921 -0.0137121
1.38593 0.0453872 0.0370405 -0.00545837 -0.0118557
1.43543 0.0442535 0.0346327 -0.00546296 -0.0103031
1.48492 0.0430168 0.0327349 -0.00542041 -0.00899652
1.53442 0.0417783 0.0308464 -0.00534375 -0.00789065
1.58392 0.0406033 0.029047 -0.00524278 -0.0069496
1.63342 0.0394495 0.0272772 -0.00512487 -0.00614475
1.68291 0.0383895 0.0255884 -0.00499559 -0.00545311
1.73241 0.0374167 0.0239747 -0.00485913 -0.0048561
1.78191 0.0364722 0.0224023 -0.00471866 -0.0043386
1.83141 0.035598 0.0209331 -0.00457655 -0.00388824
1.8809 0.0347239 0.019464 -0.00443458 -0.00349482
1.9304 0.0338497 0.0179949 -0.00429407 -0.00314993
1.9799 0.0329757 0.0165257 -0.00415597 -0.00284656
2.0294 0.0321067 0.015369 -0.00402099 -0.00257884
2.07889 0.0312388 0.0142802 -0.00388961 -0.00234187
2.12839 0.030371 0.0131914 -0.00376216 -0.0021315
2.17789 0.0295032 0.0121026 -0.00363883 -0.00194424
2.22739 0.0286797 0.0110536 -0.00351975 -0.00177709
2.27688 0.0279359 0.0100765 -0.00340495 -0.00162753
2.32638 0.0271922 0.00909934 -0.00329442 -0.00149337
2.37588 0.0264484 0.00812215 -0.0031881 -0.00137276
2.42538 0.0257046 0.00714501 -0.00308591 -0.00126408
2.47487 0.0250456 0.00641943 -0.00298775 -0.00116595
2.52437 0.0243969 0.00572404 -0.00289349 -0.00107716
2.57387 0.0237481 0.00502865 -0.002803 -0.000996658
2.62337 0.0230993 0.00433321 -0.00271616 -0.000923541
2.67286 0.0225012 0.00367003 -0.00263281 -0.000857008
2.72236 0.0219709 0.00304974 -0.00255283 -0.000796359
2.77186 0.0214405 0.00242945 -0.00247607 -0.000740982
2.82136 0.0209102 0.00180915 -0.00240239 -0.000690336
2.87085 0.0203797 0.00118881 -0.00233165 -0.000643943
2.92035 0.0198494 0.000568514 -0.00226374 -0.000601384
2.96985 0.019319 -5.17775e-05 -0.00219853 -0.000562283
3.01935 0.0187887 -0.000672127 -0.00213588 -0.000526309
3.06884 0.0182584 -0.00129242 -0.00207569 -0.000493166
3.11834 0.0178058 -0.00175224 -0.00201784 -0.000462591
3.16784 0.0174311 -0.00205165 -0.00196222 -0.00043435
3.21734 0.0170565 -0.00235106 -0.00190874 -0.000408231
3.26683 0.0166818 -0.00265047 -0.00185729 -0.000384047
3.31633 0.0163072 -0.00294988 -0.00180778 -0.000361627
3.36583 0.0159325 -0.00324929 -0.00176013 -0.000340819
3.41533 0.0155578 -0.00354869 -0.00171424 -0.000321487
3.46482 0.0151832 -0.00384808 -0.00167004 -0.000303506
3.51432 0.0148085 -0.00414748 -0.00162746 -0.000286765
3.56382 0.0144824 -0.00440614 -0.00158641 -0.000271163
3.61332 0.0141928 -0.00463425 -0.00154683 -0.000256607
3.66281 0.0139031 -0.00486231 -0.00150866 -0.000243015
3.71231 0.0136134 -0.00509042 -0.00147183 -0.000230311
3.76181 0.0133238 -0.00531853 -0.00143629 -0.000218427
3.81131 0.0130341 -0.00554659 -0.00140197 -0.000207299
3.8608 0.0127445 -0.0057747 -0.00136882 -0.000196871
3.9103 0.0124548 -0.00600282 -0.0013368 -0.00018709
3.9598 0.0121651 -0.00623087 -0.00130586 -0.00017791
4.0093 0.0118726 -0.00633634 -0.00127594 -0.000169285
4.05879 0.0115785 -0.00637367 -0.00124701 -0.000161177
4.10829 0.0112844 -0.006411 -0.00121903 -0.000153549
4.15779 0.0109904 -0.00644833 -0.00119195 -0.000146367
4.20729 0.0106963 -0.00648565 -0.00116574 -0.0001396
4.25678 0.0104022 -0.00652298 -0.00114037 -0.000133219
4.30628 0.0101081 -0.00656031 -0.00111579 -0.000127199
4.35578 0.00981405 -0.00659764 -0.00109198 -0.000121515
4.40528 0.00951997 -0.00663496 -0.00106891 -0.000116145
4.45477 0.00925192 -0.00662767 -0.00104654 -0.000111068
4.50427 0.00899426 -0.0066025 -0.00102485 -0.000106266
4.55377 0.00873665 -0.00657737 -0.00100382 -0.00010172
4.60327 0.00847898 -0.0065522 -0.000983412 -9.74155e-05
4.65276 0.00822132 -0.00652702 -0.000963608 -9.33358e-05
4.70226 0.00796371 -0.00650191 -0.000944385 -8.94675e-05
4.75176 0.00770604 -0.00647673 -0.000925721 -8.57975e-05
4.80126 0.00744843 -0.00645161 -0.000907594 -8.23138e-05
4.85075 0.00719077 -0.00642643 -0.000889985 -7.90052e-05
4.90025 0.00691236 -0.00622609 -0.000872875 -7.58611e-05
