1.13844 -0.0413072 -0.0407915 -0.00385464 -0.0260404
1.18794 -0.0668866 -0.0639934 -0.00451583 -0.0219642
1.23744 -0.114994 -0.107777 -0.00495529 -0.0186552
1.28693 -0.165103 -0.151515 -0.00523206 -0.0159465
1.33643 -0.214913 -0.191188 -0.00538921 -0.0137121
1.38593 -0.261254 -0.228224 -0.00545837 -0.0118557
1.43543 -0.307595 -0.265259 -0.00546296 -0.0103031
1.48492 -0.341029 -0.284615 -0.00542041 -0.00899652
1.53442 -0.374229 -0.303651 -0.00534375 -0.00789065
1.58392 -0.404602 -0.32113 -0.00524278 -0.0069496
1.63342 -0.434034 -0.33809 -0.00512487 -0.00614475
1.68291 -0.458643 -0.349352 -0.00499559 -0.00545311
1.73241 -0.478762 -0.355309 -0.00485913 -0.0048561
1.78191 -0.497869 -0.360904 -0.00471866 -0.0043386
1.83141 -0.51445 -0.365592 -0.00457655 -0.00388824
1.8809 -0.53103 -0.37028 -0.00443458 -0.00349482
1.9304 -0.547611 -0.374968 -0.00429407 -0.00314993
1.9799 -0.56419 -0.379656 -0.00415597 -0.00284656
2.0294 -0.571184 -0.375284 -0.00402099 -0.00257884
2.07889 -0.576092 -0.368942 -0.00388961 -0.00234187
2.12839 -0.581001 -0.362599 -0.00376216 -0.0021315
2.17789 -0.58591 -0.356256 -0.00363883 -0.00194424
2.22739 -0.590193 -0.350158 -0.00351975 -0.00177709
2.27688 -0.593352 -0.344498 -0.00340495 -0.00162753
2.32638 -0.59651 -0.338838 -0.00329442 -0.00149337
2.37588 -0.599668 -0.33318 -0.0031881 -0.00137276
2.42538 -0.602827 -0.32752 -0.00308591 -0.00126408
2.47487 -0.600086 -0.318635 -0.00298775 -0.00116595
2.52437 -0.596638 -0.309364 -0.00289349 -0.00107716
2.57387 -0.593187 -0.300093 -0.002803 -0.000996658
2.62337 -0.589738 -0.290822 -0.00271616 -0.000923541
2.67286 -0.586237 -0.282169 -0.00263281 -0.000857008
2.72236 -0.582667 -0.274344 -0.00255283 -0.000796359
2.77186 -0.579096 -0.266518 -0.00247607 -0.000740982
2.82136 -0.575525 -0.258692 -0.00240239 -0.000690336
2.87085 -0.571954 -0.250866 -0.00233165 -0.000643943
2.92035 -0.568384 -0.24304 -0.00226374 -0.000601384
2.96985 -0.564813 -0.235214 -0.00219853 -0.000562283
3.01935 -0.561242 -0.227388 -0.00213588 -0.000526309
3.06884 -0.557671 -0.219562 -0.00207569 -0.000493166
3.11834 -0.552278 -0.211122 -0.00201784 -0.000462591
3.16784 -0.545062 -0.202068 -0.00196222 -0.00043435
3.21734 -0.537846 -0.193013 -0.00190874 -0.000408231
3.26683 -0.53063 -0.183959 -0.00185729 -0.000384047
3.31633 -0.523414 -0.174905 -0.00180778 -0.000361627
3.36583 -0.516198 -0.16585 -0.00176013 -0.000340819
3.41533 -0.508982 -0.156796 -0.00171424 -0.000321487
3.46482 -0.501765 -0.147742 -0.00167004 -0.000303506
3.51432 -0.49455 -0.138688 -0.00162746 -0.000286765
3.56382 -0.48797 -0.130452 -0.00158641 -0.000271163
3.61332 -0.48187 -0.122829 -0.00154683 -0.000256607
3.66281 -0.475769 -0.115206 -0.00150866 -0.000243015
3.71231 -0.469667 -0.107584 -0.00147183 -0.000230311
3.76181 -0.463566 -0.0999619 -0.00143629 -0.000218427
3.81131 -0.457465 -0.0923395 -0.00140197 -0.000207299
3.8608 -0.451364 -0.0847155 -0.00136882 -0.000196871
3.9103 -0.445262 -0.0770932 -0.0013368 -0.00018709
3.9598 -0.439161 -0.0694709 -0.00130586 -0.00017791
4.0093 -0.432318 -0.0623901 -0.00127594 -0.000169285
4.05879 -0.425062 -0.0556113 -0.00124701 -0.000161177
4.10829 -0.417806 -0.0488316 -0.00121903 -0.000153549
4.15779 -0.410549 -0.0420519 -0.00119195 -0.000146367
4.20729 -0.403294 -0.0352723 -0.00116574 -0.0001396
4.25678 -0.396039 -0.0284926 -0.00114037 -0.000133219
4.30628 -0.388783 -0.0217138 -0.00111579 -0.000127199
4.35578 -0.381526 -0.0149332 -0.00109198 -0.000121515
4.40528 -0.37427 -0.00815442 -0.00106891 -0.000116145
4.45477 -0.368099 -0.0021079 -0.00104654 -0.000111068
4.50427 -0.362362 0.00364605 -0.00102485 -0.000106266
4.55377 -0.356623 0.0094 -0.00100382 -0.00010172
4.60327 -0.350886 0.0151531 -0.000983412 -9.74155e-05
4.65276 -0.345149 0.020907 -0.000963608 -9.33358e-05
4.70226 -0.339411 0.0266601 -0.000944385 -8.94675e-05
4.75176 -0.333673 0.0324141 -0.000925721 -8.57975e-05
4.80126 -0.327936 0.038168 -0.000907594 -8.23138e-05
4.85075 -0.322198 0.0439211 -0.000889985 -7.90052e-05
4.90025 -0.31713 0.0490489 -0.000872875 -7.58611e-05
