0.0035 0.0035 0
0.007 0.007 0
0.0105 0.0105 0
0.014 0.014 0
0.0175 0.0175 0
0.021 0.021 0
0.0245 0.0245 0
0.028 0.028 0
0.0315 0.0315 0
0.035 0.035 0
0.0385 0.0385 0
0.042 0.042 0
0.0455 0.0455 0
0.049 0.049 0
0.0525 0.0525 0
0.056 0.056 0
0.0595 0.0595 0
0.063 0.063 0
0.0665 0.0665 0
0.07 0.07 0
0.0735 0.0735 0
0.077 0.077 0
0.0805 0.0805 0
0.084 0.084 0
0.0875 0.0875 0
0.091 0.091 0
0.0945 0.0945 0
0.098 0.098 0
0.1015 0.1015 0
0.105 0.105 0
0.1085 0.1085 0
0.112 0.112 0
0.1155 0.1155 0
0.119 0.119 0
0.1225 0.1225 0
0.126 0.126 0
0.1295 0.1295 0
0.133 0.133 0
0.1365 0.1365 0
0.14 0.14 0
0.1435 0.1435 0
0.147 0.147 0
0.1505 0.1505 0
0.154 0.154 0
0.1575 0.1575 0
0.161 0.161 0
0.1645 0.1645 0
0.168 0.168 0
0.1715 0.1715 0
0.175 0.175 0
0.1785 0.1785 0
0.182 0.182 0
0.1855 0.1855 0
0.189 0.189 0
0.1925 0.1925 0
0.196 0.196 0
0.1995 0.1995 0
0.203 0.203 0
0.2065 0.2065 0
0.21 0.21 0
0.2135 0.2135 0
0.217 0.217 0
0.2205 0.2205 0
0.224 0.224 0
0.2275 0.2275 0
0.231 0.231 0
0.2345 0.2345 0
0.238 0.238 0
0.2415 0.2415 0
0.245 0.245 0
0.2485 0.2485 0
0.252 0.252 0
0.2555 0.2555 0
0.259 0.259 0
0.2625 0.2625 0
0.266 0.266 0
0.2695 0.2695 0
0.273 0.273 0
0.2765 0.2765 0
0.28 0.28 0
0.2835 0.2835 0
0.287 0.287 0
0.2905 0.2905 0
0.294 0.294 0
0.2975 0.2975 0
0.301 0.301 0
0.3045 0.3045 0
0.308 0.308 0
0.3115 0.3115 0
0.315 0.315 0
0.3185 0.3185 0
0.322 0.322 0
0.3255 0.3255 0
0.329 0.329 0
0.3325 0.3325 0
0.336 0.336 0
0.3395 0.3395 0
0.343 0.343 0
0.3465 0.3465 0
